0
0
0
0
0
0
0
0
0
0
0
0
0
0
0
0
0
0
0
0
0
0
0
0
0
0
0
0
0
-4.66695
-4.66695
-4.66695
-4.66695
-4.66695
-4.66695
-4.66695
-7.06695
-2.89667
-4.74402
-4.70936
-4.53512
-4.56657
-4.83153
-4.83153
-4.83153
-4.83153
-8.45094
-8.45094
-8.45094
-8.45094
-8.45094
-8.45094
-8.45094
-8.45094
-8.45094
-8.45094
-8.45094
-8.45094
-3.57187
-3.6548
-3.77548
-3.82549
-3.58986
-3.54897
-3.59872
-3.87142
-3.5922
-3.86047
-3.75913
-3.61696
-3.83637
-3.5922
-3.57383
-3.5922
-3.61696
-3.55813
-3.72085
-3.72085
-3.58293
-3.60164
-3.55813
-3.89378
-3.81477
-3.76639
-3.86989
-3.56746
-3.5922
-3.63588
-3.62634
-3.53335
-3.67018
-3.80135
-3.80421
-3.63588
-3.67018
-3.80135
-3.65106
-3.62634
-3.8123
-3.75569
-3.5922
-3.61125
-3.79057
-3.76945
-3.60164
-3.55232
-3.5922
-3.61696
-3.64559
-3.61125
-3.67237
-3.38087
-3.69404
-3.63097
-3.26415
-3.26415
-3.78826
-3.52413
